6
0 2 3 4 3 3 0 0 3 5 2 0 0 1 2 4 1 4 4 0 5 5 1 3 4 0 4 0 2 5 5 1 2 3 4 3 0 4 3 1 2 4 1 1 2 1 5 4 5 5
17
3 1 1 13 7 10 6 5 2 6 16 5 11 14 16 2 10 7 13 8 7 15 0 3 13 10 14 13 9 4 16 13 11 12 15 14 11 2 3 9 6 8 4 15 8 12 5 5 9 3 12 9 2 10 7 14 4 0 6 9 1 5 8 16 1 1 0 16 10 4
16
3 0 5 5 3 11 1 15 12 11 5 14 13 12 9 13 2 4 12 1 13 7 15 13 4 9 13 1 10 8 7 4 1 8 15 6 7 11 6 4 0 7 0 5 14 9 7 8 10 15 3 0 9 2 2 9 6 0 7 4 2 6 1 14 3 11 11 8 5 12 12 8 3 8 4 15 5 10 10 11 6 9 6 14 7 14 6 12 2 4 1 10 0 5 12 10 5 9 3 6
86
1 43 53 6 18 80 56 78 81 20 70 56 33 51 59 15 41 64 38 0 55 47 49 7 74 14 52 61 79 44 20 30 19 37 3 76 24 47 24 55 18 73 45 68 60 7 73 78 44 81 8 34 34 77 82 25 10 76 14 35 85 82 75 84 74 23 36 46 16 7 46 60 43 62 23 59 57 66 17 71 27 49 54 32 22 40 36 77 66 0 69 16 12 11 30 1 16 23 11 63 53 12 21 45 28 1 30 51 71 42 3 39 54 28 45 75 51 51 15 26 5 36 19 52 38 29 31 48 74 69 80 29 24 42 62 70 22 83 56 71 4 58 61 50 75 41 50 63 11 12 5 67 3 81 53 48 68 19 10 13 49 72 17 69 6 26 13 17 50 20 32 61 13 63 21 46 26 37 83 80 1 64 44 14 59 65 25 38 6 79 72 39 35 23 8 65 42 40 19 25 33 14 2 62 10 15 0 64 57 68 27 8 67 79 5 9 40 22 30 72 4 18 4 31 54 2 9 41 31 9 2 84 28 58 57 37 34 35 21 52 9 39 7 66 58 27 47 41 42 85
15
1 0 0 8 11 2 0 7 4 0 1 1 5 5 1 9 13 7 10 9 4 5 5 4 12 0 6 8 8 5 2 0 7 7 2 10 10 5 13 6 9 6 7 6 2 0 0 10 6 9 7 14 3 5 0 11 9 11 9 0 1 6 8 11 2 10 5 0 0 8 0 12 2 8 5 6 7 2 1 3 4 7 14 11 13 4 3 11 1 14 3 3 2 10 11 7 6 10 11 14 10 13 0 9 12 1 3 2 2 0 2 5 3 5 11 5 14 0 5 3 2 12 1 4 2 12 2 10 6 3 12 1 9 3 5 9 3 14 10 7 5 14 5 9 2 1 10 10 4 4 9 3 7 10 2 10 11 8 0 6 7 12 9 8 3 10 11 14 1 3 13 0 14 8 3 14 4 0 13 4 4 4 6 2 5 10 9 0 12 3 1 6 7 6 11 11 5 8 5 10 13 14 7 6 0 1 12 5 5 4 4 6 14 14 8 11 3 10 11 10 1 5 13 4 6 0 14 6 7 9 12 7 0 4 12 0 7 2 12 3 4 3 13 7 7 13 7 4 5 4 14 3 1 6 5 1 0 6 7 8 10 4 4 3 14 2 13 1 3 11 2 6 6 10 5 13 2 0 9 12 7 4 13 10 12 1 1 2 1 8 13 14 8 3 11 4 8 10 12 3 6 0 1 0 2 6 8 7 8 6 4 14 0 8 13 3 2 2 6 1 8 3 7 12 9 6 0 7 12 0 11 9 3 10 13 4 4 9 4 14 10 1 11 3 0 13 9 7 11 6 3 14 5 0 6 8 3 9 5 6 13 6 14 11 5 13 13 2 5 4 1 7 3 11 6 14 4 12 9 6 12 9 10 8 9 12 4 1 4 9 4 12 7 13 8 5 1 8 9 3 11 1 2 1 2 7 8 6 0 8 1 2 11 13 11 9 6 2 4 11 9 10 1 9 5 0 12 13 4 14 5 2 10 12 6 6 8 6 8 13 0 7 9 10 6 1 3 14 8 2 4 5 10 2 13 13 14 7 3 2 7 3 4 11 2 2 9 13 4 10 1 6 10 8 0 5 2 1 9 11 2 0 0 3 8 12 5 8 7 4 1 7 2 9 8 11 5 10 1 12
88
32 27 8 76 85 34 50 42 53 65 17 6 16 47 39 65 65 24 10 70 3 74 46 88 69 5 74 39 30 19 20 11 24 30 37 65 38 48 65 85 45 63 38 60 22 4 80 6 46 27 82 34 2 81 78 60 12 1 67 14 0 25 47 88 7 11 43 42 22 34 61 69 62 0 76 10 1 44 54 57 88 72 39 53 58 82 24 29 46 44 12 24 52 51 78 43 43 29 77 30 53 38 87 38 80 75 87 51 25 68 3 77 18 74 13 71 60 49 85 72 76 4 51 72 51 79 32 78 12 62 37 33 55 57 85 16 64 4 56 9 12 2 68 87 36 44 77 53 33 18 45 18 55 76 40 3 28 41 43 2 49 88 75 54 42 22 2 35 49 62 28 20 53 23 22 35 68 30 42 15 1 3 18 80 88 38 45 26 30 48 28 35 15 6 11 33 17 31 10 53 9 26 27 26 16 2 55 11 62 34 41 73 85 13 71 26 35 70 17 27 11 22 58 70 43 16 30 22 7 44 71 21 57 19 31 38 43 40 4 82 10 21 16 85 32 84 31 58 20 19 5 20 79 69 73 48 72 5 25 13 19 75 19 75 7 77 4 23 23 48 52 63 60 7 42 85 51 22 17 33 72 34 64 24 59 15 63 3 86 74 24 27 6 47 29 44 58 2 0 37 58 16 0 79 8 4 31 16 77 51 59 16 35 9 1 8 84 35 4 81 19 14 9 41 59 77 48 7 77 87 12 52 16 73 28 32 84 20 5 39 1 4 84 76 80 76 10 50 48 55 44 61 88 34 74 40 86 27 6 59 18 85 12 74 61 32 74 7 67 44 88 23 66 61 67 31 66 21 82 76 7 3 64 74 62 21 1 59 60 47 86 54 23 50 39 39 32 34 17 38 51 10 13 30 45 56 18 74 61 84 9 40 64 56 29 38 8 21 34 81 63 14 55 48 87 58 5 1 7 51 41 24 15 13 14 86 18 27 68 27 56 14 36 25 11 49 88 8 18 78 81 88 77 76 44 36 44 50 52 39 1 47 55 26 40 27 23 63 18 40 44 9 71 87 2 71 78 44 66 18 83 49 49 69 33 23 26 57 21 40 57 46 17 0 56 76 29 11 37 2 0 42 60 23 34 62 5 71 78 80 56 78 33 12 34 20 33 31 0 81 14 8 15 46 46 59 29 13 45 21 50 15 39 37 25 19 44 72 66 37 87 8 36 72 13 32 8 86 2 58 52 45 60 74 67 41 49 41 20 70 23 12 50 37 63 82 55 67 85 73 61 45 31 88 52 81 70 72 18 45 23 54 14 28 14 75 5 67 56 35 46 83 75 23 48 68 71 27 73 67 81 51 5 64 46 41 7 54 73 32 22 77 56 58 55 16 74 27 78 49 81 69 75 54 28 49 36 63 45 70 64 22 71 21 43 69 24 2 81 17 17 79 26 37 31 67 79 56 40 12 10 25 3 43 50 25 52 54 70 8 12 53 15 84 35 53 78 50 31 47 21 73 64 63 68 25 80 65 38 22 13 5 45 68 6 58 66 82 46 6 78 33 51 25 46 39 46 57 86 61 55 12 14 15 53 50 36 27 77 41 6 40 0 57 36 18 49 73 82 66 49 76 69 29 79 65 80 1 41 73 67 3 88 70 36 13 40 31 59 35 65 15 31 36 81 10 69 34 86 79 5 21 80 62 12 57 0 60 70 9 86 66 47 58 50 31 84 60 59 67 38 68 50 62 0 47 76 35 48 28 19 60 82 65 3 86 70 10 25 45 32 78 32 3 45 26 43 69 38 19 75 27 87 9 30 31 4 4 26 20 14 30 10 11 62 73 46 38 33 88 42 8 87 39 8 10 61 70 26 19 64 17 21 28 47 15 85 37 24 25 75 85 73 58 66 30 41 5 66 7 24 53 64 54 46 87 71 67 84 4 17 32 82 28 17 67 36 80 39 86 3 11 14 70 35 80 34 76 58 29 42 49 43 83 77 56 61 57 21 48 79 83 20 87 7 73 57 57 42 37 71 29 51 26 57 24 55 79 23 20 39 75 26 61 9 19 59 39 18 10 11 59 42 79 87 63 61 9 36 54 45 66 29 35 7 37 72 83 47 49 33 30 63 82 52 22 65 18 12 13 78 25 60 42 70 48 79 72 40 42 71 79 32 24 68 78 8 88 17 59 13 7 83 11 36 72 73 62 80 83 28 9 28 52 1 62 21 28 6 55 69 47 59 42 29 84 1 15 63 21